1000
30 29 57
13 9 38
18 82 44
21 61 42
3 96 47
7 68 97
21 99 3
0 99 43
91 35 47
36 86 34
41 85 26
42 67 14
75 97 39
88 93 40
55 80 45
96 28 17
54 93 10
17 6 40
73 94 45
80 65 25
32 10 75
8 64 34
66 17 16
83 12 56
22 41 17
5 36 8
46 71 15
99 35 58
37 43 86
89 80 48
20 60 5
92 7 98
66 69 9
28 16 5
49 73 97
77 28 9
48 19 14
14 10 10
34 9 32
62 57 13
68 63 40
27 97 67
9 70 2
90 70 34
13 68 39
0 55 55
91 63 31
5 95 26
20 14 88
32 96 39
38 2 57
60 52 78
32 38 20
87 15 84
59 31 96
35 68 35
100 1 1
73 60 73
8 44 91
17 43 82
86 33 83
42 73 40
93 8 68
41 35 64
35 71 80
45 24 72
25 68 86
57 10 21
32 60 75
68 88 5
44 71 96
96 33 27
82 28 71
51 66 33
24 84 57
74 29 63
71 87 7
80 25 64
74 98 45
44 31 91
61 38 36
26 4 85
48 59 23
48 48 69
68 88 23
45 19 56
7 55 65
0 39 48
62 18 5
73 81 29
85 73 70
84 53 47
96 97 9
7 62 58
16 86 46
82 98 10
40 79 88
20 71 63
42 12 84
68 85 59
48 100 27
2 48 25
15 19 12
23 35 44
69 96 3
15 29 66
79 48 79
38 20 36
22 88 73
72 36 27
86 54 55
89 74 71
16 46 80
72 53 57
100 70 91
5 100 52
72 98 89
53 61 85
55 68 37
47 88 38
65 91 93
36 60 91
25 40 82
93 62 100
4 64 27
100 89 96
25 63 58
75 18 61
22 75 38
7 72 10
57 38 52
51 9 46
76 85 40
78 100 69
31 83 25
16 96 54
52 33 14
22 34 52
35 73 75
64 16 62
34 92 25
38 42 11
78 12 41
58 86 97
99 92 60
81 64 70
45 3 87
20 46 39
37 13 100
70 35 42
43 30 26
29 21 13
80 80 99
100 89 76
89 86 90
36 67 58
5 74 9
13 63 44
23 5 33
53 48 96
26 54 1
54 70 59
12 33 57
67 54 42
13 45 52
57 48 78
100 55 38
33 12 86
93 94 28
91 10 57
4 86 31
84 5 4
87 93 35
96 44 13
88 98 52
2 93 86
4 38 5
87 22 56
16 35 59
4 92 13
44 65 58
96 100 18
74 35 91
37 24 17
88 76 98
65 69 32
45 24 7
35 29 87
46 13 17
36 41 40
48 100 7
30 44 90
25 85 66
66 96 69
53 3 4
1 73 59
2 76 15
90 48 65
29 36 86
56 1 93
53 97 9
15 81 62
28 1 34
32 98 7
23 8 13
3 98 22
61 89 91
91 77 63
34 21 80
20 39 43
96 67 6
49 43 41
17 17 24
52 69 42
51 32 31
1 52 5
85 84 21
59 96 91
37 65 24
71 28 11
90 98 72
91 77 4
0 2 42
27 23 13
88 55 34
55 77 36
85 7 21
55 3 20
31 32 20
89 48 39
32 71 93
86 67 92
2 57 53
20 41 6
95 62 96
47 66 68
16 12 2
6 53 79
59 22 76
53 5 47
86 23 47
43 82 18
45 38 11
91 86 32
33 55 85
31 46 91
50 96 59
71 28 4
21 84 62
88 27 3
87 57 12
19 61 77
81 38 96
54 28 35
97 81 53
22 28 37
11 99 88
75 97 59
5 92 68
90 47 68
100 6 94
6 90 7
93 21 57
17 73 94
16 10 4
42 58 87
13 64 55
90 63 36
53 77 48
28 46 55
4 42 74
86 92 88
75 31 59
37 17 62
69 62 92
13 94 70
8 61 3
24 89 95
55 84 13
13 47 81
25 25 97
97 61 94
55 94 1
67 56 15
35 62 33
39 81 80
91 61 19
17 24 45
54 18 72
84 18 41
56 61 7
99 92 73
31 3 8
80 15 95
91 10 23
57 28 81
67 77 35
91 48 60
55 82 52
63 43 23
71 8 8
17 78 67
17 52 13
73 32 97
93 62 88
67 12 75
83 81 21
10 67 92
39 5 87
23 58 58
57 27 68
30 57 67
74 32 16
16 79 40
70 42 40
53 90 67
67 88 33
26 20 90
57 71 100
84 79 77
54 31 99
55 94 27
38 6 39
89 41 20
89 99 82
39 94 64
13 82 4
23 7 57
22 97 31
22 45 39
15 48 19
27 56 28
95 33 26
14 84 31
7 25 48
70 57 74
28 37 95
2 96 76
25 61 69
74 13 7
23 34 79
87 20 40
32 15 55
74 83 52
9 78 90
19 67 40
27 23 72
71 83 38
34 44 71
0 30 70
58 63 62
11 73 54
44 27 57
53 86 23
75 2 67
21 57 20
94 29 61
19 71 93
72 9 77
79 13 6
74 76 22
57 92 78
82 77 39
31 80 31
82 79 96
70 93 6
45 39 5
8 13 21
38 4 1
22 89 58
33 44 96
67 58 20
51 37 95
52 72 19
51 46 69
73 6 68
28 74 83
56 6 32
93 61 47
12 25 45
56 22 38
13 66 1
91 2 12
7 29 86
92 10 71
29 21 89
61 63 52
100 97 2
8 3 76
79 29 41
49 97 30
65 77 76
72 73 82
93 85 66
4 78 15
2 47 93
12 3 26
10 22 75
87 37 94
24 24 77
92 40 17
68 31 60
87 37 39
80 22 42
22 20 89
13 55 55
11 45 47
0 44 99
42 93 80
81 3 94
70 25 2
75 12 4
0 27 62
19 53 6
94 73 33
2 20 12
2 1 3
19 32 19
86 98 75
3 66 73
82 56 91
80 33 25
44 52 32
84 1 80
33 56 65
94 54 91
99 70 86
72 40 83
74 9 58
52 79 8
86 75 33
75 68 11
81 13 32
4 79 33
43 99 74
5 47 66
8 47 90
34 92 69
64 76 28
92 31 9
20 62 88
4 8 40
97 48 53
77 61 9
42 91 58
40 76 92
94 41 86
32 67 10
52 60 75
91 74 34
45 58 33
84 63 8
1 97 39
73 29 39
52 96 17
76 47 70
54 73 68
12 100 82
89 8 11
87 81 48
51 7 31
49 86 5
62 24 38
11 78 3
3 40 45
21 53 4
23 3 100
92 38 94
85 85 71
34 10 100
28 14 70
50 78 61
82 24 95
47 32 85
53 89 74
48 39 20
35 55 63
21 80 63
84 98 55
88 58 41
63 90 6
19 13 36
13 21 19
26 2 42
7 33 36
17 37 79
7 34 65
98 96 13
61 53 3
84 32 46
48 46 58
2 42 20
87 21 91
35 99 22
13 15 91
32 77 66
51 57 31
56 57 34
44 35 57
61 55 7
76 58 19
50 22 39
4 11 83
24 60 67
66 19 66
42 25 39
62 46 8
98 87 25
71 75 75
8 78 93
48 64 69
12 71 89
42 62 90
42 7 15
6 97 77
99 61 22
77 41 62
96 10 58
33 60 68
46 65 73
46 38 10
68 94 26
98 57 37
57 64 92
52 68 11
98 55 70
10 5 43
49 18 95
21 1 14
37 29 63
13 42 34
91 5 25
36 87 6
63 18 95
86 82 81
65 46 89
34 27 91
4 62 87
100 9 27
18 28 91
59 43 87
95 22 15
83 45 78
57 58 89
22 14 70
30 15 68
100 68 14
7 52 70
44 19 7
78 22 46
47 88 70
12 24 3
59 19 85
90 67 82
65 81 74
31 37 19
9 67 78
10 32 14
45 70 62
97 18 34
70 29 55
95 24 55
85 33 65
68 82 88
98 39 27
22 15 99
4 87 25
99 60 89
21 88 44
37 62 67
38 8 35
46 25 23
38 96 19
81 38 43
38 31 43
6 33 77
59 46 2
34 38 11
85 71 33
71 35 27
75 18 15
97 44 60
33 17 14
5 97 10
28 2 36
78 21 43
15 81 30
67 19 16
52 56 84
67 68 52
96 31 25
100 17 30
66 96 69
39 72 57
71 52 15
49 47 74
89 11 13
40 29 7
51 34 61
76 84 67
23 36 86
38 27 52
75 93 5
60 100 78
16 54 82
7 29 92
74 86 76
48 16 37
3 83 27
11 72 92
77 89 75
27 86 68
52 58 41
32 14 83
97 44 64
82 87 30
75 53 41
68 6 13
18 22 25
46 83 61
31 20 6
17 69 21
25 93 2
74 92 31
95 61 13
74 32 14
34 68 35
93 26 48
35 45 55
11 32 65
10 9 17
2 67 55
55 48 15
60 34 72
90 76 61
50 65 61
2 64 93
10 33 56
51 39 32
13 62 69
34 16 89
3 89 85
100 66 13
29 35 24
37 87 64
42 13 34
79 91 11
47 74 14
75 69 6
36 98 27
100 87 47
65 34 26
73 94 6
22 2 57
41 87 80
84 95 42
58 16 65
50 20 90
90 69 64
50 95 41
78 28 15
13 46 10
85 86 56
24 29 11
4 47 5
40 9 35
49 79 11
15 27 85
96 55 72
51 72 5
8 20 80
84 71 12
17 53 33
36 69 53
12 8 16
99 91 5
80 60 28
23 70 19
82 65 54
67 10 77
54 12 86
7 83 47
50 22 62
13 28 46
81 14 29
10 37 85
12 55 55
35 35 60
23 66 83
26 7 46
34 29 29
18 57 73
90 58 66
81 16 88
91 25 16
47 85 3
85 85 34
28 96 15
36 98 30
73 100 14
70 91 100
52 68 7
6 12 13
16 43 68
100 76 79
53 46 81
6 26 84
54 98 4
75 36 52
92 82 14
66 16 67
13 64 42
92 3 36
100 91 18
61 6 25
28 81 52
91 86 25
65 42 19
72 15 93
88 98 54
52 39 2
100 74 54
67 3 26
8 58 1
16 53 10
31 43 35
54 47 14
18 89 10
85 9 98
58 20 9
5 42 25
67 60 11
81 58 33
80 2 41
87 28 17
83 27 46
89 42 1
97 24 78
79 67 41
22 4 96
92 100 81
12 39 71
73 44 1
20 60 75
22 42 25
97 14 17
86 41 9
75 46 17
38 87 35
4 99 54
83 98 82
96 46 9
1 54 73
63 97 5
8 90 85
34 67 6
16 5 23
25 47 39
79 70 92
21 81 30
76 82 99
41 58 27
2 98 62
40 5 31
55 37 9
25 12 74
76 10 62
28 58 46
76 23 47
95 88 7
1 23 28
84 58 8
61 87 41
28 9 52
13 98 74
27 63 72
81 45 30
16 97 9
3 82 67
47 2 34
47 39 84
15 74 4
43 86 20
75 33 74
52 10 20
13 62 100
100 35 40
79 94 60
84 38 75
19 80 12
58 85 42
26 91 40
55 36 81
0 33 60
83 56 97
60 86 100
100 84 31
59 75 32
16 58 42
67 48 15
6 37 12
100 31 11
29 37 5
49 35 2
22 84 76
97 7 12
53 92 12
25 69 7
50 27 13
61 71 58
38 91 22
81 64 71
99 99 99
0 53 42
29 2 60
46 13 25
42 63 85
97 10 91
18 56 55
79 48 76
18 75 3
88 7 40
41 88 72
66 26 38
23 60 91
71 76 48
67 23 25
47 71 80
65 39 45
54 28 31
59 78 24
97 58 73
100 23 20
34 78 21
78 92 39
65 18 82
14 30 25
30 9 85
83 41 63
1 13 64
95 95 17
100 91 42
34 14 7
75 83 75
19 38 41
93 92 92
67 43 16
77 67 94
49 2 81
70 67 75
79 88 11
58 18 38
52 22 97
88 56 9
84 63 23
57 76 73
98 22 42
48 52 2
61 56 2
59 60 85
38 36 53
25 76 48
40 29 19
65 77 89
37 26 33
91 59 33
65 77 35
33 6 28
100 27 67
26 26 94
9 77 77
49 34 10
50 91 58
40 32 40
92 4 28
16 88 96
62 46 1
78 3 72
56 80 4
65 88 97
20 56 46
54 72 3
61 11 97
99 8 47
17 8 18
77 88 1
11 30 40
59 75 48
53 80 34
85 96 27
43 48 99
99 13 4
14 78 60
57 14 13
67 43 20
9 10 84
10 55 27
16 93 89
95 82 27
57 52 31
20 94 40
12 65 66
83 83 38
20 24 95
69 96 28
55 99 81
67 1 56
77 89 85
93 40 71
76 77 73
100 47 93
98 29 77
74 27 60
62 44 84
61 58 61
35 72 76
31 15 100
37 87 8
10 22 55
93 28 75
8 31 78
63 39 40
99 41 62
2 32 95
94 30 1
99 95 91
76 27 10
31 11 98
11 83 30
91 22 82
5 66 37
4 45 66
79 20 6
55 71 19
75 63 74
27 69 53
31 57 62
100 39 9
55 55 17
34 5 87
21 66 14
94 29 22
72 45 65
7 84 22
99 62 71
37 33 18
19 57 99
100 6 31
75 9 23
45 62 57
14 46 40
85 16 71
67 5 11
49 60 88
63 93 100
54 84 33
13 78 5
64 15 25
62 59 95
36 54 38
72 17 12
39 85 37
69 82 83
97 37 34
85 2 99
76 45 72
23 24 41
43 47 33
7 56 41
20 46 63
91 47 20
16 15 64
4 17 11
58 99 46
78 31 43
54 99 95
58 91 89
81 30 41
43 81 99
47 52 75
86 89 75
53 85 73
17 55 29
83 77 15
57 75 18
31 9 91
79 87 63
98 80 87
10 33 33
100 98 41
94 24 53
44 7 12
58 20 22
47 68 48
12 59 63
73 9 85
70 16 5
53 28 74
20 2 14
86 22 44
